1 2.969841 -0.293211 -0.318244 -0.109119 -0.151573 -0.266757 -0.276922 -0.235835 -0.076602 -0.191426 -0.333590 -0.448691 -0.267871
2 -0.345615 1.044285 -0.107335 -0.229401 -0.037096 -0.009655 -0.051321 -0.137095 -0.018297 -0.099015 -0.000125 0.007813 -0.017141
3 -0.137224 -0.185633 1.639488 -0.100533 -0.120038 -0.009202 0.103024 -0.507247 -0.471440 -0.111145 -0.130676 -0.011139 0.041765
4 -0.107836 -0.276988 -0.017416 1.037494 0.099620 -0.161344 0.046476 -0.344329 -0.109973 -0.049699 0.017500 -0.172585 0.039079
5 -0.159078 -0.149063 -0.147863 0.051756 1.001739 -0.189005 -0.090829 -0.190737 -0.097393 -0.040439 0.003881 0.031394 -0.024362
6 -0.198171 -0.040945 0.029988 -0.018718 -0.057197 0.808006 0.079596 -0.255749 -0.125496 -0.172515 -0.107453 -0.007714 0.066367
7 -0.201095 -0.131905 -0.076450 -0.012002 0.011734 -0.010809 0.567456 -0.083858 0.090966 0.016803 -0.116172 0.015928 -0.070597
8 0.063064 -0.337233 -0.488832 -0.225771 -0.138308 -0.373036 -0.210367 2.770236 -0.116334 -0.134507 -0.288938 -0.247221 -0.272755
9 -0.007705 -0.056867 -0.161767 -0.061215 -0.027678 -0.100275 0.072971 -0.208201 0.647692 -0.058991 -0.009005 0.028557 -0.057517
10 -0.208735 -0.120931 -0.032267 -0.018212 -0.084802 -0.221215 0.010169 -0.201204 -0.249242 1.326488 0.020839 -0.112625 -0.108262
11 -0.111154 -0.060481 -0.142980 0.065828 0.154478 -0.243576 -0.137966 -0.237259 -0.078929 0.054717 0.845052 -0.042643 -0.065087
12 -0.422582 -0.203951 -0.008445 -0.238059 -0.067678 -0.127905 0.032133 -0.257524 -0.238182 -0.225477 -0.095620 1.878650 -0.025359
13 -0.113357 -0.133812 -0.017304 -0.123957 -0.036629 -0.010381 -0.048914 -0.107189 -0.006868 -0.203519 -0.094988 -0.052351 0.949269
